You see a faint pattern in the water...

10000010
00000001
01000110
01001000
00000001
10000010
00000001
01101001
01001000
00000001
10000010
00000001
01101110
01001000
00000001
10000010
00000001
01100100
01001000
00000001
10000010
00000001
00100000
01001000
00000001
10000010
00000001
01110100
01001000
00000001
10000010
00000001
01101000
01001000
00000001
10000010
00000001
01100101
01001000
00000001
10000010
00000001
00100000
01001000
00000001
10000010
00000001
01110011
01001000
00000001
10000010
00000001
01101110
01001000
00000001
10000010
00000001
01101001
01001000
00000001
10000010
00000001
01110100
01001000
00000001
10000010
00000001
01100011
01001000
00000001
10000010
00000001
01101000
01001000
00000001
10000010
00000001
00100000
01001000
00000001
10000010
00000001
01101001
01001000
00000001
10000010
00000001
01101110
01001000
00000001
10000010
00000001
00100000
01001000
00000001
10000010
00000001
01110010
01001000
00000001
10000010
00000001
01101111
01001000
00000001
10000010
00000001
01101111
01001000
00000001
10000010
00000001
01101101
01001000
00000001
10000010
00000001
00100000
01001000
00000001
10000010
00000001
11110100
10000010
00000010
11111110
10101000
00000001
00000010
10000010
00000010
11000011
10101011
00000001
00000010
01001000
00000001
10000010
00000001
10010111
10000010
00000010
01011011
10101000
00000001
00000010
10000010
00000010
00100000
10101011
00000001
00000010
01001000
00000001
10000010
00000001
10101010
10000010
00000010
01010110
10101000
00000001
00000010
10000010
00000010
00110011
10101011
00000001
00000010
01001000
00000001
00000001